18306,5seg
n_components	rate(%)	time(ms)
1	29.86	24346.98
2	46.15	24937.69
3	49.57	24760.95
4	63.1	25409.54
5	73.42	24967.94
6	79.22	25514.22
7	82.93	25743.49
8	84.94	25697.54
9	86.23	25632.32
10	86.91	25719.26
11	87.59	25617.76
12	89.62	25740.24
13	89.57	25851.38
14	90.7	26080.4
15	90.32	25795.76
16	91.16	25856.8
17	91.42	25948.44
18	83.28	26118.64
19	91.82	26048.82
20	92.01	26315.24
1	30.79	24362.26
2	47.4	24964.36
3	49.54	24758.83
4	63.32	25103.34
5	73.56	24848.0
6	80.0	24922.51
7	83.47	25391.22
8	85.31	25583.29
9	85.84	25640.4
10	87.39	25584.02
11	87.91	25607.83
12	89.74	25734.43
13	90.49	26230.33
14	90.65	26614.88
15	90.62	26197.58
16	90.83	28048.85
17	91.42	25812.6
18	91.88	26128.63
19	90.96	25989.43
20	91.49	26279.33
21	92.26	26359.39
22	92.7	26571.54
23	92.01	26485.62
24	92.46	26488.59
25	92.44	26441.54
26	92.98	26561.0
27	92.81	26572.08
28	92.73	26825.62
29	92.83	26473.91
30	93.36	26553.04
31	92.72	26473.03
32	93.18	26418.82
33	92.64	26526.66
34	93.09	26741.36
35	93.04	26605.7
36	93.15	26504.53
37	93.26	26689.9
38	93.62	26997.04
39	93.43	27094.04
40	92.78	26935.64
41	93.6	26664.25
42	93.01	27064.26
43	93.32	26972.6
44	93.5	27014.95
45	93.47	27159.58
46	92.8	27374.25
47	93.53	27124.2
48	93.5	27206.1
49	93.56	27200.46
50	93.75	27173.01
1	30.41	24204.91
2	45.91	24944.36
3	50.69	24777.64
4	62.95	25014.68
5	73.86	24870.87
6	80.4	25069.5
7	83.08	25523.37
8	84.88	25554.01
9	86.23	25742.36
10	86.79	25762.23
11	87.76	25818.78
12	88.69	25890.99
13	90.56	25824.01
14	90.98	26010.47
15	90.18	25937.04
16	91.36	25981.93
17	91.11	26217.83
18	91.7	26258.51
19	91.72	26200.15
20	91.77	26109.58
21	92.16	26241.0
22	92.3	26219.18
23	92.09	26353.29
24	92.51	26377.77
25	92.22	26454.66
26	92.83	26694.27
27	92.13	26438.31
28	83.51	26379.94
29	92.24	26074.3
30	83.76	28114.31
31	92.89	27722.04
32	92.91	29008.81
33	92.68	27082.35
34	93.19	26549.14
35	93.12	26450.45
36	93.1	26816.43
37	93.26	26605.04
38	92.91	26997.97
39	92.97	26888.68
40	93.44	26889.54
41	93.59	26743.73
42	93.41	26942.97
43	93.33	26882.27
44	93.21	26985.83
45	93.69	26873.86
46	93.18	27001.66
47	93.18	27263.68
48	93.14	27423.49
49	93.57	27166.28
50	93.41	27269.97
51	93.5	27148.92
52	93.74	27232.56
53	94.01	27170.64
54	94.01	27367.58
55	93.52	27276.09
56	93.68	27346.56
57	93.91	27463.73
58	94.32	27594.31
59	93.64	27440.06
60	93.86	27428.76
61	93.79	27638.08
62	94.04	27742.89
63	93.36	27780.9
64	94.21	27573.17
65	93.68	27764.94
66	93.4	27787.1
67	93.93	27577.12
68	93.93	27843.13
69	94.14	27867.95
70	93.97	28183.02
71	93.9	28073.72
72	94.07	27994.96
73	93.76	28129.98
74	93.98	28207.03
75	85.24	28243.66
76	93.51	28066.95
77	94.28	28254.25
78	93.91	28360.24
79	94.36	28447.48
80	94.06	28230.44
81	94.06	28462.81
82	93.66	28526.2
83	93.89	28463.05
84	94.13	28452.65
85	94.15	28528.02
86	93.76	28828.33
87	93.89	28807.27
88	93.71	28758.04
89	93.75	28726.41
90	94.13	28585.01
91	93.78	28837.2
92	94.35	28473.09
93	93.87	28873.78
94	93.95	28688.12
95	93.7	28806.48
96	93.95	28561.31
97	93.92	28881.17
98	94.08	28762.96
99	93.76	28958.94
100	93.77	28925.62
102	94.21	29094.67
104	94.16	29188.09
106	93.88	29136.48
108	93.89	29820.29
110	93.7	29221.05
112	93.74	29278.79
114	93.66	29434.82
116	93.37	29482.38
118	93.89	29508.05
120	94.2	29559.78
122	93.86	29544.87
124	85.05	29493.17
126	93.56	29658.92
128	93.92	29757.97
130	93.88	29728.63
132	93.84	29868.28
134	93.8	29812.05
136	94.39	30006.73
138	94.24	30248.98
140	93.65	30386.62
142	93.56	30354.4
144	93.88	30353.75
146	93.91	30656.86
148	93.68	30629.2
150	93.84	30970.27
152	93.86	30897.73
154	94.09	30888.25
156	93.79	31053.36
158	93.91	31185.12
160	93.8	30826.39
162	93.48	31056.44
164	85.26	30946.57
166	94.17	31455.32
168	93.74	31381.22
170	94.02	31451.77
172	93.84	31611.45
174	93.66	31541.47
176	93.88	31695.37
178	93.85	31690.53
180	93.88	31610.32
182	93.53	31730.5
184	93.84	32174.54
186	93.74	31823.43
188	93.91	32022.61
190	93.59	32295.64
192	93.42	32138.8
194	84.23	32057.59
196	93.6	32247.68
198	93.87	32343.37
200	93.93	32473.82
202	94.15	32480.67
204	93.38	32678.62
206	93.75	32863.99
208	93.66	32709.89
210	94.03	32703.79
212	93.5	32907.3
214	93.81	32942.21
216	93.17	33003.79
218	93.88	33094.57
220	93.7	32988.9
222	93.99	33030.53
224	93.49	33241.3
226	93.25	33326.54
228	93.89	33799.03
230	85.11	34152.62
232	93.55	33314.66
234	93.45	33888.34
236	93.8	34247.89
238	93.89	33774.6
240	93.52	33790.72
242	93.9	33944.72
244	93.75	33841.7
246	93.53	34054.06
248	93.77	33995.27
250	93.43	34053.33
252	94.0	34186.56
254	93.54	34378.1
256	93.43	34469.88
258	93.32	34637.66
260	93.33	34704.47
262	93.48	34667.42
264	93.68	34698.59
266	93.5	34764.62
268	93.67	34563.46
270	93.39	35201.04
272	94.06	34774.25
274	93.47	35169.73
276	93.62	35135.38
278	93.92	35214.46
280	93.62	35279.89
282	94.18	35332.25
284	93.88	35357.94
286	93.88	35347.18
288	93.41	35207.19
290	93.4	35572.65
292	93.61	35772.76
294	93.65	35778.86
296	93.49	35473.61
298	93.51	35604.43
300	93.59	35795.13
305	93.42	35874.7
310	93.72	36042.44
315	93.51	36194.58
320	93.51	36364.73
325	93.62	36568.06
330	92.9	36622.33
335	93.48	36944.84
340	93.47	37104.94
345	93.57	37253.95
350	93.14	37366.49
355	93.87	37622.32
360	85.02	37842.63
365	93.59	37679.5
370	93.7	38030.87
375	93.46	38101.22
380	93.6	38450.16
385	93.74	38675.66
390	93.58	38595.17
395	93.31	38766.65
400	93.78	38944.92
405	93.55	39191.76
410	93.57	39490.59
415	93.52	39449.81
420	93.77	39655.27
425	93.51	40201.06
430	93.34	40409.12
435	93.55	40526.5
440	84.66	40441.82
445	93.91	40532.88
450	93.42	40580.08
455	93.5	40688.47
460	93.44	40901.31
465	93.13	78311.89
470	93.66	79779.97
475	93.39	80001.94
480	93.27	80496.76
485	93.57	80405.51
490	93.8	80824.04
495	93.81	80765.84
500	93.24	81188.12
505	93.53	81920.63
510	93.24	82566.15
515	93.47	82919.3
520	93.49	82671.01
525	93.35	82381.21
530	93.36	82724.97
535	93.87	82648.48
540	93.31	82851.42
545	93.77	83321.87
550	93.44	83457.32
555	93.39	83212.76
560	93.15	83956.05
565	93.66	84055.95
570	93.72	84393.32
575	93.29	84543.25
580	93.6	84891.61
585	93.53	84982.82
590	93.43	85122.32
595	93.53	85802.84
600	93.81	85440.38
605	93.66	86224.6
610	93.82	86429.0
615	93.6	87023.76
620	93.05	86953.2
625	94.06	86782.79
630	93.47	87133.71
635	93.4	87627.4
640	93.47	88157.79
645	93.36	87937.9
650	93.44	88256.62
655	93.15	88862.65
660	93.6	88616.12
665	93.64	88818.94
670	93.5	88808.01
675	93.33	89443.53
680	82.59	89543.35
685	93.5	89696.01
690	93.2	89868.19
695	93.19	90424.94
700	93.64	89672.2
705	93.11	90208.36
710	93.75	90463.37
715	93.42	90682.16
720	93.46	91159.6
725	93.36	91502.42
730	93.21	91667.86
735	93.73	91724.59
740	93.35	91978.85
745	93.44	92437.93
750	93.53	92457.63
755	93.78	92852.48
760	93.5	93165.41
765	93.81	93533.51
770	93.74	93831.43
775	93.16	93989.41
780	85.03	93521.74
784	93.46	93813.78
