n_components	rate(%)	time(ms)		timestamp
1	30.99	23881.7		1508460397.49879
2	46.86	23991.37		1508460421.89879
3	50.74	24024.1		1508460446.32682
4	60.32	24265.91		1508460470.88988
5	72.18	24126.66		1508460495.50288
6	80.62	24379.39		1508460520.17959
7	83.28	24588.14		1508460545.0942
8	85.56	24776.41		1508460570.20553
9	85.31	24637.85		1508460595.3401
10	86.82	24821.17		1508460620.5047
11	88.35	24745.29		1508460645.73071
12	89.29	24847.89		1508460670.9698
13	90.49	24714.53		1508460696.19136
14	90.61	25042.45		1508460721.51632
15	90.32	24823.53		1508460746.90104
16	91.02	25064.97		1508460772.36997
17	90.89	24830.88		1508460797.90532
18	91.55	25144.88		1508460823.47971
19	92.19	24958.03		1508460849.12441
20	92.16	25273.48		1508460874.837
1	30.47	23791.42		1508460899.86834
2	46.26	24143.51		1508460924.23874
3	50.15	23969.92		1508460948.71039
4	61.87	24247.14		1508460973.23412
5	72.87	24039.65		1508460997.7937
6	79.9	24265.13		1508461022.36847
7	83.03	24481.23		1508461047.16783
8	83.65	24665.42		1508461072.16565
9	86.66	24554.04		1508461097.19913
10	87.13	24663.65		1508461122.23937
11	87.96	24609.07		1508461147.31169
12	89.36	24753.99		1508461172.42609
13	89.92	24768.81		1508461197.63164
14	90.88	24881.07		1508461222.90658
15	90.63	24746.45		1508461248.16757
16	90.41	24966.39		1508461273.55208
17	91.22	24885.92		1508461299.07164
18	90.77	25164.47		1508461324.69022
19	91.33	24927.13		1508461350.33255
20	92.38	25116.94		1508461375.95787
21	92.01	24964.3		1508461401.60593
22	92.4	25205.58		1508461427.29247
23	91.89	25161.8		1508461453.07757
24	92.56	25264.7		1508461478.89603
25	92.08	25142.38		1508461504.70371
26	92.24	25361.02		1508461530.56099
27	92.09	25328.4		1508461556.51763
28	92.23	25413.09		1508461582.50285
29	93.14	25368.62		1508461608.50925
30	92.59	25494.38		1508461634.54962
31	92.34	25367.93		1508461660.58738
32	92.99	25519.34		1508461686.64206
33	93.63	25388.25		1508461712.70295
34	93.03	25737.38		1508461738.8704
35	93.53	25454.35		1508461765.08376
36	93.89	25757.95		1508461791.31317
37	93.46	25503.85		1508461817.56174
38	93.12	25813.72		1508461843.83966
39	93.2	25700.05		1508461870.21626
40	93.28	25919.61		1508461896.64422
41	93.77	25756.48		1508461923.10409
42	93.31	25978.61		1508461949.59716
43	93.52	25969.63		1508461976.2004
44	93.2	26033.64		1508462002.83899
45	93.73	25841.88		1508462029.41344
46	93.86	26160.01		1508462056.04518
47	93.61	26024.48		1508462082.76829
48	93.8	26248.35		1508462109.53491
49	93.82	26125.3		1508462136.34812
50	93.73	26396.71		1508462163.23739
1	30.67	23784.78		1508462188.84314
2	43.7	24098.7		1508462213.19486
3	51.51	24019.7		1508462237.6797
4	63.28	24141.91		1508462262.18422
5	73.86	24075.73		1508462286.71557
6	79.94	24308.25		1508462311.33612
7	83.69	24608.57		1508462336.2242
8	84.61	24708.99		1508462361.30656
9	85.63	24518.87		1508462386.34304
10	87.34	24734.77		1508462411.4009
11	87.91	24616.36		1508462436.51995
12	89.66	24843.51		1508462461.69214
13	89.53	24733.49		1508462486.91609
14	90.65	24918.47		1508462512.18097
15	90.26	24829.12		1508462537.50066
16	90.66	25062.41		1508462562.96947
17	91.52	24854.92		1508462588.51909
18	91.27	24985.71		1508462614.02961
19	92.01	25002.1		1508462639.62047
20	92.27	25107.2		1508462665.28031
21	91.97	25060.38		1508462690.96992
22	92.41	25128.99		1508462716.66677
23	92.29	25162.01		1508462742.4141
24	92.7	25361.11		1508462768.28078
25	92.8	25092.07		1508462794.11299
26	92.41	25445.68		1508462819.98744
27	92.3	25247.1		1508462845.94324
28	92.98	25594.77		1508462871.97795
29	93.38	25257.39		1508462898.01883
30	92.63	25421.12		1508462923.97113
31	92.98	25342.74		1508462949.96477
32	93.05	25551.55		1508462976.02236
33	92.73	25416.77		1508463002.11136
34	93.33	25569.66		1508463028.20878
35	92.9	25551.63		1508463054.38118
36	93	25714.85		1508463080.63205
37	93.56	25490.27		1508463106.85304
38	93.42	25641.63		1508463133.03978
39	93.11	25679.06		1508463159.32349
40	93.11	25888.29		1508463185.72804
41	93.66	25723.78		1508463212.15591
42	93.51	25776.41		1508463238.52946
43	93.43	25793.42		1508463264.94191
44	93.45	25962.29		1508463291.4535
45	93.33	25827.6		1508463317.98171
46	93.32	26007.21		1508463344.52828
47	93.72	26041.73		1508463371.17895
48	84.48	26183.95		1508463397.91564
49	93.84	25995.93		1508463424.62762
50	92.97	26133.39		1508463451.31676
51	93.64	26150.92		1508463478.08874
52	93.78	26305.82		1508463504.9512
53	93.65	25973.86		1508463531.72911
54	93.82	26231.6		1508463558.47063
55	94.02	26281.35		1508463585.36522
56	93.56	26387.91		1508463612.33731
57	93.53	26287.7		1508463639.3139
58	94.12	26394.96		1508463666.29883
59	93.52	26381.31		1508463693.33597
60	93.77	26518.88		1508463720.43924
61	93.89	26414.12		1508463747.56224
62	93.88	26530.13		1508463774.68827
63	93.63	26550.03		1508463801.87551
64	93.7	26733.08		1508463829.16142
65	93.8	26632.66		1508463856.4867
66	94	26853.67		1508463883.8732
67	93.61	26709.47		1508463911.3019
68	93.57	26887.95		1508463938.7513
69	93.68	26713.81		1508463966.20915
70	93.76	26946.87		1508463993.69739
71	93.78	26875.89		1508464021.26412
72	93.84	26814.95		1508464048.76495
73	93.94	26879.37		1508464076.27164
74	94.01	27127.77		1508464103.94315
75	94.06	27098.7		1508464131.72865
76	93.78	27013.7		1508464159.45885
77	93.97	27025.13		1508464187.15407
78	93.97	27212.42		1508464214.95134
79	93.67	27284.87		1508464242.87306
80	93.79	27432.65		1508464270.8937
81	93.29	27225.57		1508464298.88983
82	94.07	27403.39		1508464326.8751
83	94.16	27351.87		1508464354.92224
84	84.67	27399.19		1508464382.97654
85	94.29	27293.36		1508464411.00712
86	94.09	27442.07		1508464439.05734
87	93.37	27508.43		1508464467.21324
88	94.12	27621.63		1508464495.45665
89	93.78	27458.91		1508464523.68042
90	93.63	27440.94		1508464551.82179
91	94	27617.84		1508464580.04367
92	93.84	27740.08		1508464608.41883
93	94.24	27646.07		1508464636.81204
94	94.27	27726.88		1508464665.19716
95	94.09	27794.75		1508464693.65446
96	94	27911.02		1508464722.19496
97	93.5	27751.37		1508464750.71576
98	93.71	27777.98		1508464779.18018
99	93.54	27853.94		1508464807.69671
100	94.34	27958.69		1508464836.30784
102	93.32	27907.41		1508464864.94843
104	93.51	27949.7		1508464893.58069
106	93.89	27959.59		1508464922.24272
108	93.57	28270.7		1508464951.07666
110	93.84	28190.5		1508464980.03375
112	84.69	28176.2		1508465008.93334
114	93.76	28221.47		1508465037.84209
116	94.11	28351.86		1508465066.8475
118	93.61	28817.65		1508465096.15306
120	93.98	28563.62		1508465125.56971
122	93.94	28514.81		1508465154.84305
124	93.59	28716.87		1508465184.19823
126	94.17	28731.31		1508465213.66062
128	94.04	28898.18		1508465243.20164
130	93.63	29082.37		1508465272.91934
132	94.22	29121.25		1508465302.75909
134	94.4	28944.61		1508465332.52928
136	93.56	29212.37		1508465362.34428
138	93.92	29260.21		1508465392.32812
140	93.78	29313.64		1508465422.37603
142	93.56	29345.34		1508465452.46953
144	93.85	29486.08		1508465482.63771
146	93.44	29288.04		1508465512.77378
148	93.67	29515.23		1508465542.93539
150	93.33	29529.85		1508465573.21819
152	93.83	29621.21		1508465603.55343
154	93.8	29636.15		1508465633.95231
156	93.61	29948.98		1508465664.52793
158	93.73	29840.58		1508465695.20501
160	94.07	30206.8		1508465725.997
162	93.86	29940.08		1508465756.84197
164	93.66	30048.61		1508465787.62062
166	93.87	30035.47		1508465818.44764
168	93.29	30258.5		1508465849.37969
170	93.6	30312.05		1508465880.4643
172	93.7	30310.4		1508465911.59539
174	93.73	30386.85		1508465942.76223
176	93.52	30634.51		1508465974.0705
178	93.66	30750.42		1508466005.55641
180	93.4	30705.48		1508466037.09196
182	93.67	31015.48		1508466068.7621
184	93.68	31152.51		1508466100.65274
186	93.23	32138.23		1508466133.11452
188	93.04	33438.8		1508466166.73292
190	93.42	34683.2		1508466201.62518
192	93.47	31077.37		1508466235.32316
194	93.79	31215.23		1508466267.28648
196	94.14	31635.92		1508466299.5481
198	93.85	31324.67		1508466331.86876
200	93.87	31884.56		1508466364.30719
202	93.7	31578.7		1508466396.87848
204	93.81	31540.57		1508466429.29006
206	93.72	31734.35		1508466461.78604
208	93.42	31873.35		1508466494.43513
210	93.59	31580.53		1508466527.00304
212	93.74	31813.74		1508466559.5612
214	93.53	31749.03		1508466592.20772
216	94.15	31888.39		1508466624.88447
218	93.68	32140.93		1508466657.76301
220	93.82	31877.59		1508466690.65014
222	94.08	31994.14		1508466723.46804
224	93.93	32150.17		1508466756.40961
226	93.73	32165.88		1508466789.43332
228	93.66	32127.42		1508466822.46421
230	94.13	32181.9		1508466855.50778
232	93.59	32497		1508466888.72944
234	93.7	32480.3		1508466922.10757
236	93.89	32427.8		1508466955.46463
238	94.37	32417.14		1508466988.79671
240	93.98	32670.3		1508467022.23652
242	93.38	32637.7		1508467055.77954
244	84.42	32547.38		1508467089.27475
246	93.75	32909.15		1508467122.91413
248	93.87	32707.28		1508467156.63747
250	93.46	33062.17		1508467190.44377
252	93.33	32798.15		1508467224.30359
254	93.14	33112.29		1508467258.18758
256	93.67	32988.99		1508467292.15281
258	93.69	33331.19		1508467326.2252
260	93.9	33207.21		1508467360.42006
262	93.51	33584.1		1508467394.75201
264	93.81	33337.38		1508467429.151
266	94.02	33414.95		1508467463.47601
268	93.42	33293.48		1508467497.79687
270	93.55	33580.04		1508467532.19843
272	93.65	33648.71		1508467566.75613
274	93.7	33723.26		1508467601.3798
276	93.42	33800.1		1508467636.10307
278	93.79	33736.44		1508467670.83771
280	93.83	33966.69		1508467705.64355
282	93.83	34206.16		1508467740.69156
284	94.12	34199.02		1508467775.8706
286	94.07	34451.56		1508467811.17749
288	93.71	34344.48		1508467846.54409
290	93.99	34349.97		1508467881.85244
292	93.62	34461.59		1508467917.23326
294	93.86	34828.6		1508467952.8602
296	93.8	34611.91		1508467988.55807
298	93.32	35104.15		1508468024.40434
300	93.57	34685.1		1508468060.30189
305	93.38	35036.69		1508468096.15996
310	85.02	35104.64		1508468132.22728
315	93.35	35347.68		1508468168.46473
320	93.75	35269.5		1508468204.78207
325	93.42	35662.77		1508468241.26989
330	93.35	35789.62		1508468278.04075
335	93.52	35905.24		1508468314.93382
340	93.38	35999.27		1508468351.93621
345	93.31	36123.52		1508468389.05534
350	93.69	36504.23		1508468426.43746
355	92.94	36604.86		1508468464.06441
360	93.76	36593.23		1508468501.73253
365	93.4	36940.66		1508468539.58065
370	93.18	37042.01		1508468577.6665
375	85.16	37389.8		1508468615.97604
380	94.04	37564.14		1508468654.56191
385	92.88	37663.99		1508468693.29256
390	93.23	37570.34		1508468732.02434
395	93.83	38024.31		1508468770.95043
400	93.63	37914.63		1508468810.05028
405	93.69	38215.65		1508468849.24818
410	84.6	38326.62		1508468888.67148
415	93.48	38657.68		1508468928.32732
420	93.63	38509.63		1508468968.07646
425	93.56	39030.48		1508469008.01648
430	93.43	38912.23		1508469048.17012
435	93.37	39458.63		1508469088.54421
440	93.48	39222.32		1508469129.07073
445	93.78	39689.01		1508469169.72616
450	93.65	39660.43		1508469210.61336
455	93.78	40116.62		1508469251.72233
460	93.52	39920.68		1508469292.97785
465	93.76	77237		1508469352.793
470	93.55	78155.51		1508469431.85659
475	93.43	79023.33		1508469511.96482
480	93.23	78940.99		1508469592.46413
485	93.61	79284.67		1508469673.09552
490	93.27	79415.18		1508469753.99422
495	93.08	79587.06		1508469835.05849
500	93.73	79551.81		1508469916.18977
505	93.32	80411.7		1508469997.7457
510	93.57	81363.1		1508470080.23016
515	93.44	81660.42		1508470163.34841
520	93.1	81332		1508470246.44821
525	93.01	81417.15		1508470329.44165
530	93.38	81310.07		1508470412.43995
535	93.29	81764.25		1508470495.6128
540	93.73	81550.34		1508470578.92582
545	93.3	82294.03		1508470662.50951
550	93.52	82448.36		1508470746.5401
555	93.57	82920.11		1508470830.90689
560	93.21	82741.49		1508470915.41875
565	93.26	83435.48		1508471000.18924
570	93.18	83441.8		1508471085.34271
575	93.4	83674.74		1508471170.63239
580	93.75	83651.44		1508471256.02965
585	93.33	84508.15		1508471341.86152
590	94.04	83897.34		1508471427.83159
595	93.18	84462.87		1508471513.77612
600	93.76	84674.43		1508471600.10809
605	93.13	85032.42		1508471686.74233
610	93.32	85050.63		1508471773.57843
615	93.49	85926.49		1508471860.86372
620	93.72	85350.28		1508471948.32121
625	93.43	86207.62		1508472035.92579
630	93.33	86157.17		1508472123.93172
635	93.16	86684.52		1508472212.19861
640	93.67	86662.6		1508472300.71581
645	93.1	87161.22		1508472389.47384
650	93.58	87018.46		1508472478.44062
655	93.57	87581.2		1508472567.63091
660	93.16	87486.27		1508472657.05823
665	93.25	88028.92		1508472746.71703
670	93.59	87737.6		1508472836.51741
675	93.7	88610.51		1508472926.61828
680	92.9	88111.88		1508473016.90253
685	93.44	88666.1		1508473107.23047
690	93.86	88700.45		1508473197.8717
695	93.48	89488.17		1508473288.92276
700	93.44	89422.18		1508473380.3419
705	93.58	89700.37		1508473471.87776
710	84.75	89588.29		1508473563.50556
715	93.49	90519.85		1508473655.5675
720	93.42	90324.57		1508473747.99301
725	93.16	90585.9		1508473840.44836
730	93.21	91141.1		1508473933.34752
735	84.61	91365.68		1508474026.65976
740	93.55	91254.78		1508474120.03757
745	93.76	91678.4		1508474213.57524
750	84.93	91766.39		1508474307.38076
755	93.42	92182.6		1508474401.4494
760	93.32	92465.63		1508474495.86293
765	93.2	92215.9		1508474590.31652
770	93.44	92913.62		1508474685.0076
775	93.09	92903.43		1508474780.03435
780	93.39	92681.86		1508474874.96618
784	93.22	92786.83		1508474969.83145
